1 0.0769961
2 0.0769961
3 0.0684985
4 0.0658672
5 0.0556011
6 0.0529698
7 0.0550403
8 0.0375275
9 0.0347237
10 0.0346806
11 0.0387784
12 0.0321356
13 0.0250183
14 0.0305828
15 0.0235949
16 0.0235949
17 0.0234223
18 0.0211362
19 0.0185912
20 0.0171246
21 0.0155718
22 0.0152267
23 0.0152267
24 0.0141052
25 0.0128542
26 0.0123798
27 0.010223
28 0.00974852
29 0.00888582
30 0.00858388
31 0.00681534
32 0.00621145
33 0.00621145
34 0.00616831
35 0.00556442
36 0.00366648
37 0.00629772
38 0.00340767
39 0.00263124
40 0.00155286
41 0.00155286
42 0.00138032
43 0.0110857
44 0.000819566
45 0.000733296
46 0.00017254
