1 0.106304
2 0.105983
3 0.0857497
4 0.0683153
5 0.0542301
6 0.0534961
7 0.0423931
8 0.038218
9 0.0334465
10 0.032483
11 0.0259681
12 0.0288585
13 0.0263351
14 0.0246834
15 0.0209672
16 0.0201872
17 0.0176179
18 0.0171132
19 0.0167921
20 0.0166086
21 0.0163333
22 0.0157827
23 0.0135805
24 0.00880896
25 0.00743256
26 0.006882
27 0.00683612
28 0.00660672
29 0.00674436
30 0.0052762
31 0.00495504
32 0.019866
33 0.00467976
34 0.00449624
35 0.00445036
36 0.00431272
37 0.0036704
38 0.00302808
39 0.00279868
40 0.00266104
41 0.00445036
42 0.00362452
43 0.002294
44 0.00261516
45 0.00100936
