1 0.0887227
2 0.0732712
3 0.0758689
4 0.056924
5 0.0485041
6 0.0481906
7 0.0439807
8 0.0429058
9 0.0326048
10 0.0303655
11 0.0301415
12 0.0323361
13 0.0286188
14 0.0283948
15 0.0253046
16 0.0250806
17 0.024364
18 0.0224382
19 0.0205124
20 0.019751
21 0.0178252
22 0.0201541
23 0.0145557
24 0.0134808
25 0.0127195
26 0.0143318
27 0.0118685
28 0.0113759
29 0.0136152
30 0.00900215
31 0.00864386
32 0.00622537
33 0.00613579
34 0.00582229
35 0.00582229
36 0.00506091
37 0.00573271
38 0.00344858
39 0.00277678
40 0.002732
41 0.00219455
42 0.00192583
43 0.000761376
44 0.000268721
45 0.000223934
46 4.47868e-05
47 0.00013436
