1 0.0934294
2 0.0772462
3 0.0687124
4 0.057393
5 0.0522197
6 0.0525292
7 0.0493456
8 0.0465157
9 0.0410329
10 0.0378935
11 0.0338698
12 0.0340909
13 0.0323223
14 0.029404
15 0.0292713
16 0.0258666
17 0.0255129
18 0.0245844
19 0.0194553
20 0.021047
21 0.0173329
22 0.0217987
23 0.0157411
24 0.0117174
25 0.0106562
26 0.00826848
27 0.00689777
28 0.00773788
29 0.00685355
30 0.00614609
31 0.00619031
32 0.00561549
33 0.00420057
34 0.0037584
35 0.00336045
36 0.00212239
37 0.00123806
38 0.000840113
39 0.00137071
40 0.00282986
41 0.00331624
42 0.000221082
