1 0.0135618
2 0.0126626
3 0.0124297
4 0.0123405
5 0.0121075
6 0.01194
7 0.011192
8 0.0115706
9 0.0114177
10 0.0113503
11 0.010524
12 0.0107133
13 0.0101654
14 0.00995974
15 0.0094774
16 0.00944828
17 0.00972676
18 0.00968126
19 0.00931723
20 0.00903511
21 0.00928629
22 0.00923715
23 0.00912612
24 0.00905332
25 0.00884036
26 0.00869293
27 0.00852366
28 0.00835439
29 0.00826884
30 0.00823608
31 0.00821242
32 0.00829068
33 0.00817055
34 0.00798854
35 0.00874753
36 0.00786295
37 0.00813779
38 0.00797398
39 0.00781927
40 0.00788479
41 0.00771734
42 0.00772644
43 0.00759721
44 0.00769368
45 0.00760449
46 0.00735332
47 0.00732783
48 0.00729689
49 0.00728779
50 0.00701477
51 0.00722773
52 0.00704025
53 0.00696563
54 0.00675631
55 0.00672719
56 0.00667805
57 0.00665257
58 0.00663983
59 0.00656702
60 0.00653244
61 0.00639957
62 0.00641959
63 0.00636681
64 0.00630128
65 0.00614839
66 0.00638683
67 0.00631584
68 0.00608833
69 0.00573886
70 0.00568244
71 0.00579893
72 0.00555503
73 0.00552773
74 0.00559689
75 0.0056788
76 0.0054804
77 0.00539122
78 0.00540396
79 0.005353
80 0.00538212
81 0.00510364
82 0.00509818
83 0.0050818
84 0.00487612
85 0.00501991
86 0.00486884
87 0.00485428
88 0.00500353
89 0.00465953
90 0.00455032
91 0.00453212
92 0.00474689
93 0.00452302
94 0.00429914
95 0.00429914
96 0.00425
97 0.00452848
98 0.00428276
99 0.00416627
100 0.0042773
101 0.00437741
102 0.00416263
103 0.00418447
104 0.00414807
105 0.00413715
106 0.00404432
107 0.00410257
108 0.00402976
109 0.00402794
110 0.00347826
111 0.00346734
112 0.00342912
113 0.0033636
114 0.00334539
115 0.00305781
116 0.00305417
117 0.00337452
118 0.00331627
119 0.00315246
120 0.00304325
121 0.00304143
122 0.00294861
123 0.00303415
124 0.00285032
125 0.00273565
126 0.00272109
127 0.00284122
128 0.00276841
129 0.00264101
130 0.00260642
131 0.00247355
132 0.00241349
133 0.00258276
134 0.00253544
135 0.00253544
136 0.00226606
137 0.00223876
138 0.00219325
139 0.00299775
140 0.00201306
141 0.0020622
142 0.00203126
143 0.0020076
144 0.00190567
145 0.00190385
146 0.00189657
147 0.00188383
148 0.00186381
149 0.00179647
150 0.00179465
151 0.00178555
152 0.00175824
153 0.00168908
154 0.00195664
155 0.00168726
156 0.00157259
157 0.00157259
158 0.00153073
159 0.00150525
160 0.00174732
161 0.0017273
162 0.00151071
163 0.00147612
164 0.00147612
165 0.00142152
166 0.0014015
167 0.00134143
168 0.00131959
169 0.0016727
170 0.00130503
171 0.00145246
172 0.00163629
173 0.00130685
174 0.00129229
175 0.0011394
176 0.00113394
177 0.00111938
178 0.00109026
179 0.00105385
180 0.00100471
181 0.00101017
182 0.000970128
183 0.000959207
184 0.000953747
185 0.00125407
186 0.00110482
187 0.000946466
188 0.000942826
189 0.000920985
190 0.000888222
191 0.000882762
192 0.000873661
193 0.000870021
194 0.000864561
195 0.000862741
196 0.000833619
197 0.000811777
198 0.00084818
199 0.000795396
200 0.000784475
201 0.000762634
202 0.000757173
203 0.000744432
204 0.000742612
205 0.000738972
206 0.00071713
207 0.000682548
208 0.000746252
209 0.000764454
210 0.000669807
211 0.000662526
212 0.000908244
213 0.000751713
214 0.000646145
215 0.000829978
216 0.000731691
217 0.000724411
218 0.000609743
219 0.000606103
220 0.000595182
221 0.00057152
222 0.00057152
223 0.000604282
224 0.000593362
225 0.000536938
226 0.000533297
227 0.000524197
228 0.000520557
229 0.000509636
230 0.000788115
231 0.000507816
232 0.000505996
233 0.000498715
234 0.000480514
235 0.000480514
236 0.000475053
237 0.000473233
238 0.000473233
239 0.000485974
240 0.000462312
241 0.000516916
242 0.000458672
243 0.000455032
244 0.000513276
245 0.000453212
246 0.000451392
247 0.000524197
248 0.000440471
249 0.000440471
250 0.00043319
251 0.000542398
252 0.000414989
253 0.000407709
254 0.000402248
255 0.000389507
256 0.000387687
257 0.000385867
258 0.000376766
259 0.000447751
260 0.000369486
261 0.000369486
262 0.000358565
263 0.000356745
264 0.000354925
265 0.000351285
266 0.000333083
267 0.000327623
268 0.000313062
269 0.000309422
270 0.00027848
271 0.000311242
272 0.00027848
273 0.000265739
274 0.000252998
275 0.000247537
276 0.000229336
277 0.000229336
278 0.000222056
279 0.000220235
280 0.000216595
281 0.000211135
282 0.000196574
283 0.000203854
284 0.000194754
285 0.000320342
286 0.000191113
287 0.000189293
288 0.000185653
289 0.000185653
290 0.000180193
291 0.001447
292 0.000180193
293 0.000356745
294 0.000178373
295 0.000358565
296 0.000172912
297 0.000172912
298 0.000169272
299 0.000167452
300 0.000154711
301 0.000151071
302 0.000134689
303 0.000134689
304 0.000132869
305 0.000120128
306 0.000118308
307 0.000116488
308 0.000112848
309 0.000105567
310 0.000207495
311 0.000103747
312 0.000103747
313 0.000462312
314 0.000176552
315 0.000172912
316 0.000300321
317 0.000103747
318 9.82869e-05
319 9.64668e-05
320 9.28265e-05
321 9.28265e-05
322 0.00013651
323 8.73661e-05
324 8.5546e-05
325 0.000172912
326 7.82655e-05
327 7.64454e-05
328 6.91649e-05
329 0.000322163
330 0.000187473
331 6.91649e-05
332 0.000462312
333 0.000101927
334 6.55246e-05
335 6.37045e-05
336 6.37045e-05
337 6.18843e-05
338 0.000114668
339 0.00110664
340 7.64454e-05
341 7.46252e-05
342 6.18843e-05
343 5.82441e-05
344 0.000131049
345 5.6424e-05
346 5.46038e-05
347 5.27837e-05
348 6.37045e-05
349 5.09636e-05
350 4.55032e-05
351 4.55032e-05
352 4.55032e-05
353 4.18629e-05
354 0.000112848
355 4.00428e-05
356 4.91434e-05
357 3.45824e-05
358 3.45824e-05
359 3.45824e-05
360 4.55032e-05
361 2.73019e-05
362 0.000189293
363 2.54818e-05
364 2.54818e-05
365 2.54818e-05
366 2.00214e-05
367 1.82013e-05
368 7.46252e-05
369 1.82013e-05
370 4.36831e-05
371 1.4561e-05
372 7.28051e-05
