1 0.0127684
2 0.0130728
3 0.0128948
4 0.0126331
5 0.0123021
6 0.0120902
7 0.0108157
8 0.0107997
9 0.0104828
10 0.0104668
11 0.0101589
12 0.0100467
13 0.0102852
14 0.00999153
15 0.0102657
16 0.010109
17 0.00945217
18 0.00948599
19 0.00945751
20 0.00930442
21 0.00929552
22 0.00891281
23 0.009235
24 0.00896799
25 0.00874904
26 0.00860485
27 0.0086814
28 0.00882736
29 0.00834852
30 0.00844821
31 0.00878108
32 0.00842329
33 0.00817052
34 0.0082257
35 0.00793733
36 0.00819188
37 0.00769524
38 0.00782874
39 0.00767566
40 0.0076365
41 0.0077255
42 0.00752969
43 0.00756529
44 0.00742823
45 0.00747629
46 0.00739263
47 0.00739085
48 0.00727692
49 0.00718614
50 0.00733744
51 0.00734812
52 0.00722352
53 0.00709357
54 0.00702949
55 0.00708111
56 0.00681588
57 0.00692625
58 0.00672154
59 0.0066806
60 0.00665034
61 0.00660762
62 0.00655599
63 0.00646699
64 0.00652217
65 0.00641715
66 0.00628542
67 0.0062516
68 0.0061982
69 0.00624092
70 0.0061893
71 0.00594187
72 0.0057514
73 0.00567308
74 0.00565706
75 0.00546837
76 0.00550575
77 0.00602197
78 0.00563214
79 0.0058048
80 0.00608784
81 0.00520136
82 0.00507498
83 0.00510168
84 0.00523518
85 0.00503047
86 0.00500555
87 0.00501267
88 0.00498063
89 0.00487027
90 0.00481687
91 0.00472964
92 0.00463886
93 0.00447331
94 0.00476702
95 0.00442703
96 0.00469582
97 0.00433803
98 0.00440567
99 0.00447153
100 0.00429531
101 0.00426861
102 0.00433625
103 0.00425614
104 0.00432379
105 0.00408882
106 0.00419028
107 0.00386809
108 0.00369364
109 0.00382715
110 0.00369186
111 0.00366872
112 0.00363668
113 0.00360286
114 0.00347469
115 0.00357972
116 0.00336789
117 0.00327533
118 0.00323973
119 0.00345511
120 0.00325041
121 0.0032237
122 0.00311156
123 0.00303324
124 0.00288193
125 0.00302968
126 0.00275021
127 0.00277157
128 0.00254906
129 0.00278937
130 0.00247786
131 0.00239775
132 0.00237461
133 0.00235503
134 0.00226425
135 0.00221441
136 0.0021521
137 0.0020542
138 0.00199724
139 0.00256864
140 0.00196876
141 0.00193137
142 0.00182991
143 0.00198656
144 0.00191535
145 0.00227315
146 0.00177473
147 0.0021432
148 0.00175337
149 0.00164834
150 0.00155044
151 0.00153086
152 0.00150594
153 0.00145788
154 0.00144364
155 0.00142406
156 0.00171065
157 0.0014828
158 0.00142406
159 0.00140803
160 0.00134929
161 0.00149348
162 0.00134217
163 0.00131191
164 0.00127809
165 0.00119977
166 0.00126741
167 0.00131725
168 0.00135107
169 0.00119087
170 0.00109474
171 0.0011339
172 0.00108228
173 0.00125495
174 0.00107872
175 0.0010538
176 0.00103066
177 0.00122825
178 0.00111966
179 0.000998619
180 0.000993278
181 0.000987938
182 0.000964797
183 0.00126563
184 0.000955897
185 0.000954117
186 0.000916736
187 0.00102176
188 0.000938096
189 0.000916736
190 0.0011517
191 0.000963017
192 0.000874014
193 0.000856213
194 0.000852653
195 0.000792131
196 0.00076543
197 0.000825952
198 0.000756529
199 0.000925636
200 0.000756529
201 0.000724488
202 0.000717368
203 0.000898935
204 0.000706687
205 0.000662186
206 0.000655065
207 0.000610564
208 0.000587423
209 0.000580302
210 0.000692447
211 0.000567842
212 0.000560722
213 0.000560722
214 0.000558942
215 0.000555382
216 0.000590983
217 0.000607004
218 0.000539361
219 0.00077255
220 0.000580302
221 0.00077433
222 0.000535801
223 0.0005269
224 0.00051978
225 0.000518
226 0.00051444
227 0.000501979
228 0.000498419
229 0.00050554
230 0.000494859
231 0.000685327
232 0.000493079
233 0.00111432
234 0.000478839
235 0.000466378
236 0.000569622
237 0.000553601
238 0.000443237
239 0.000441457
240 0.000430777
241 0.000428997
242 0.000494859
243 0.000423656
244 0.000421876
245 0.000434337
246 0.000404076
247 0.000550041
248 0.000398735
249 0.000393395
250 0.000389835
251 0.000475278
252 0.000368474
253 0.000348894
254 0.000443237
255 0.000347113
256 0.000316852
257 0.000306172
258 0.000295491
259 0.000286591
260 0.000283031
261 0.000281251
262 0.000274131
263 0.000377375
264 0.000359574
265 0.000274131
266 0.000391615
267 0.00026879
268 0.00026879
269 0.00026523
270 0.00026167
271 0.000275911
272 0.000380935
273 0.00024743
274 0.00024743
275 0.000240309
276 0.000236749
277 0.000224289
278 0.000224289
279 0.000224289
280 0.000224289
281 0.000224289
282 0.000217168
283 0.000215388
284 0.000213608
285 0.000224289
286 0.000194028
287 0.000192247
288 0.000192247
289 0.000188687
290 0.000188687
291 0.000311512
292 0.000186907
293 0.000185127
294 0.000183347
295 0.000176227
296 0.000350674
297 0.000195808
298 0.000172667
299 0.000172667
300 0.000169107
301 0.00025277
302 0.000167326
303 0.000163766
304 0.000356014
305 0.000170887
306 0.000160206
307 0.000339993
308 0.000156646
309 0.000224289
310 0.000149526
311 0.000147746
312 0.000145966
313 0.000140625
314 0.000135285
315 0.000133505
316 0.000133505
317 0.000131725
318 0.000126385
319 0.000122825
320 0.000110364
321 0.000110364
322 0.000115704
323 0.000110364
324 0.000106804
325 0.000105024
326 0.000105024
327 0.000101464
328 0.00108762
329 0.000106804
330 9.61237e-05
331 9.61237e-05
332 0.000101464
333 0.00025811
334 0.000185127
335 0.000133505
336 9.43437e-05
337 0.000165546
338 0.000135285
339 0.000112144
340 9.07835e-05
341 0.000133505
342 8.90034e-05
343 8.72234e-05
344 8.54433e-05
345 8.36632e-05
346 8.36632e-05
347 7.6543e-05
348 7.12028e-05
349 6.94227e-05
350 0.000218948
351 6.58626e-05
352 6.58626e-05
353 6.76426e-05
354 0.000434337
355 6.23024e-05
356 6.05223e-05
357 5.69622e-05
358 5.51821e-05
359 0.00051444
360 5.51821e-05
361 5.1622e-05
362 4.98419e-05
363 4.80619e-05
364 4.80619e-05
365 4.80619e-05
366 4.45017e-05
367 4.45017e-05
368 9.61237e-05
369 6.58626e-05
370 4.45017e-05
371 0.000300832
372 3.38213e-05
373 3.38213e-05
374 2.4921e-05
375 2.31409e-05
376 2.13608e-05
377 1.95808e-05
378 1.42406e-05
379 5.69622e-05
380 1.78007e-06
381 6.05223e-05
382 6.58626e-05
