1 0.0131779
2 0.0129659
3 0.0118099
4 0.0115801
5 0.0113236
6 0.0115302
7 0.0109281
8 0.0106859
9 0.0109531
10 0.0105202
11 0.0104703
12 0.0107001
13 0.0102655
14 0.0100713
15 0.00987896
16 0.0106805
17 0.00972755
18 0.00986471
19 0.00970083
20 0.00960286
21 0.00946749
22 0.00912548
23 0.00936595
24 0.00899189
25 0.00910233
26 0.00911836
27 0.0088957
28 0.00887967
29 0.00903464
30 0.00891173
31 0.00886542
32 0.00881198
33 0.00872648
34 0.00823663
35 0.00839694
36 0.00820456
37 0.00799437
38 0.00835063
39 0.00795875
40 0.00795518
41 0.00780199
42 0.00787859
43 0.00772005
44 0.00771293
45 0.00752055
46 0.0073442
47 0.00740121
48 0.00697548
49 0.00725158
50 0.00716786
51 0.0066691
52 0.00666376
53 0.00666019
54 0.00656401
55 0.00653016
56 0.00668869
57 0.00660141
58 0.0063841
59 0.00646247
60 0.0062986
61 0.00629147
62 0.00619528
63 0.00618816
64 0.00622556
65 0.0061365
66 0.00613294
67 0.00613116
68 0.00608128
69 0.00597084
70 0.00591028
71 0.00610266
72 0.00567159
73 0.00557718
74 0.0055754
75 0.0055558
76 0.00555224
77 0.00535808
78 0.00521558
79 0.00512473
80 0.0053563
81 0.00512473
82 0.00512473
83 0.00506595
84 0.00501429
85 0.00501251
86 0.00511405
87 0.00508911
88 0.00498401
89 0.00487357
90 0.00483082
91 0.00472217
92 0.00484864
93 0.00467763
94 0.00478807
95 0.00462419
96 0.00458144
97 0.00450307
98 0.00473642
99 0.00419847
100 0.00409516
101 0.00403816
102 0.00435166
103 0.00455829
104 0.00413078
105 0.00406666
106 0.00408269
107 0.0040239
108 0.0039954
109 0.00374781
110 0.00370684
111 0.00356612
112 0.00397759
113 0.00356434
114 0.00336483
115 0.00332386
116 0.00353049
117 0.00327755
118 0.00324549
119 0.00335771
120 0.0030727
121 0.00347527
122 0.00297295
123 0.00342718
124 0.00289992
125 0.00291595
126 0.00275564
127 0.00267904
128 0.00262738
129 0.00246885
130 0.00252229
131 0.00239226
132 0.00252051
133 0.00244035
134 0.00246172
135 0.00232813
136 0.00236732
137 0.00226935
138 0.00218919
139 0.00210725
140 0.00224975
141 0.00209478
142 0.00209122
143 0.00196297
144 0.00194159
145 0.00198078
146 0.00182581
147 0.00172428
148 0.00171893
149 0.00156752
150 0.00188815
151 0.0015604
152 0.0018935
153 0.00155862
154 0.00152655
155 0.0015034
156 0.00142324
157 0.00141968
158 0.00139296
159 0.00134665
160 0.00134665
161 0.0012558
162 0.00121839
163 0.00119346
164 0.00118455
165 0.00115249
166 0.00113111
167 0.00112933
168 0.00171893
169 0.00112042
170 0.00111686
171 0.00110083
172 0.00141255
173 0.00106877
174 0.00105452
175 0.00103314
176 0.00103136
177 0.000997515
178 0.000995734
179 0.000970796
180 0.000967233
181 0.000963671
182 0.000952983
183 0.00101711
184 0.000952983
185 0.000947639
186 0.000912014
187 0.000805137
188 0.000785543
189 0.000780199
190 0.00087817
191 0.000778418
192 0.00135733
193 0.00110617
194 0.000764168
195 0.000741011
196 0.00107233
197 0.000714292
198 0.00115961
199 0.000712511
200 0.000696479
201 0.000685792
202 0.000871044
203 0.000737449
204 0.00068401
205 0.000952983
206 0.000667979
207 0.000692917
208 0.000657291
209 0.000618103
210 0.00087817
211 0.000853232
212 0.000605634
213 0.000602072
214 0.00064126
215 0.000589603
216 0.00058604
217 0.000584259
218 0.000584259
219 0.000580696
220 0.00055754
221 0.000555758
222 0.000553977
223 0.000552196
224 0.000541508
225 0.000532602
226 0.000530821
227 0.000529039
228 0.000584259
229 0.000521914
230 0.000520133
231 0.000570009
232 0.000520133
233 0.000514789
234 0.000505883
235 0.000498758
236 0.000486289
237 0.000480945
238 0.00051657
239 0.000714292
240 0.00047382
241 0.000479164
242 0.000448882
243 0.000443538
244 0.000420381
245 0.000420381
246 0.000420381
247 0.000416819
248 0.000416819
249 0.000411475
250 0.0003901
251 0.000653729
252 0.000505883
253 0.0003901
254 0.000514789
255 0.000505883
256 0.000381193
257 0.000359818
258 0.000354474
259 0.000577134
260 0.000340224
261 0.000340224
262 0.000333099
263 0.000329536
264 0.000329536
265 0.000313505
266 0.000309942
267 0.000302817
268 0.000297473
269 0.000297473
270 0.000290348
271 0.000272535
272 0.000267192
273 0.00026541
274 0.000366943
275 0.000325974
276 0.000245816
277 0.000240472
278 0.000228003
279 0.00025116
280 0.000263629
281 0.000224441
282 0.000224441
283 0.00022266
284 0.000220878
285 0.000217316
286 0.00033488
287 0.000309942
288 0.000863919
289 0.000534383
290 0.00022266
291 0.000215535
292 0.000215535
293 0.000211972
294 0.000208409
295 0.000206628
296 0.000206628
297 0.000206628
298 0.000486289
299 0.000548633
300 0.00023691
301 0.000220878
302 0.00019594
303 0.000178128
304 0.000220878
305 0.000302817
306 0.000224441
307 0.000238691
308 0.00018169
309 0.000176346
310 0.000160315
311 0.000156752
312 0.000137158
313 0.000192378
314 0.000133596
315 0.000133596
316 0.000133596
317 0.000126471
318 0.000130033
319 0.000126471
320 0.000117564
321 0.000110439
322 0.000110439
323 0.000110439
324 0.000110439
325 0.000108658
326 9.6189e-05
327 8.72826e-05
328 0.000229785
329 8.72826e-05
330 8.55013e-05
331 8.55013e-05
332 0.000628791
333 8.372e-05
334 8.372e-05
335 7.83762e-05
336 7.83762e-05
337 7.65949e-05
338 7.65949e-05
339 0.000366943
340 7.65949e-05
341 7.65949e-05
342 0.000350912
343 7.65949e-05
344 0.000114002
345 0.000162096
346 7.30324e-05
347 7.12511e-05
348 6.05634e-05
349 6.05634e-05
350 0.000114002
351 5.52196e-05
352 0.000325974
353 5.1657e-05
354 4.80945e-05
355 4.80945e-05
356 0.000427506
357 4.45319e-05
358 4.45319e-05
359 4.27506e-05
360 3.91881e-05
361 4.63132e-05
362 0.000224441
363 3.91881e-05
364 3.91881e-05
365 3.38443e-05
366 3.38443e-05
367 2.31566e-05
368 2.13753e-05
369 1.9594e-05
370 1.9594e-05
371 1.9594e-05
372 7.12511e-05
373 2.85004e-05
374 5.1657e-05
375 2.67192e-05
376 1.78128e-05
377 0.000204847
378 7.48136e-05
379 1.60315e-05
