1 0.00614507
2 0.00610875
3 0.00583025
4 0.00578182
5 0.00588474
6 0.00563651
7 0.00560019
8 0.00549121
9 0.00541251
10 0.005467
11 0.00535802
12 0.00534591
13 0.00523693
14 0.00523088
15 0.00516428
16 0.00509769
17 0.00514612
18 0.00516428
19 0.00514612
20 0.00509769
21 0.00507347
22 0.00512796
23 0.00506136
24 0.00503109
25 0.00498265
26 0.00503109
27 0.00487368
28 0.00485551
29 0.00479497
30 0.00471021
31 0.00484946
32 0.00473443
33 0.00470416
34 0.00465572
35 0.00479497
36 0.00462545
37 0.00459518
38 0.00450437
39 0.00449831
40 0.00446199
41 0.00440145
42 0.00434696
43 0.0043409
44 0.00433485
45 0.00437723
46 0.00432274
47 0.00418955
48 0.00425614
49 0.00423798
50 0.00416533
51 0.00418349
52 0.00421982
53 0.00409873
54 0.00409873
55 0.00408057
56 0.00401397
57 0.00401397
58 0.0039837
59 0.00394132
60 0.00391711
61 0.00391105
62 0.00387473
63 0.00386262
64 0.00388078
65 0.00388078
66 0.00383235
67 0.00384445
68 0.00382024
69 0.0037718
70 0.0037718
71 0.00367493
72 0.00366283
73 0.0036265
74 0.00372942
75 0.00364466
76 0.00359623
77 0.00359623
78 0.00359018
79 0.0035599
80 0.00357807
81 0.00355385
82 0.00354174
83 0.00351752
84 0.00349936
85 0.00351147
86 0.0034812
87 0.00349331
88 0.00345093
89 0.00340249
90 0.00330562
91 0.00360228
92 0.00330562
93 0.00323297
94 0.00332984
95 0.00329957
96 0.00328746
97 0.00321481
98 0.00320876
99 0.00320876
100 0.00316638
101 0.00314821
102 0.00314216
103 0.00316032
104 0.00319059
105 0.00307556
106 0.00300897
107 0.00300897
108 0.00297264
109 0.00297264
110 0.00292421
111 0.00291815
112 0.00288183
113 0.00286972
114 0.00295448
115 0.00294842
116 0.00290604
117 0.00293632
118 0.00283339
119 0.00283339
120 0.00280918
121 0.00283339
122 0.00279101
123 0.00278496
124 0.0027668
125 0.0027668
126 0.00274258
127 0.00277285
128 0.00272442
129 0.00302107
130 0.00270625
131 0.00273047
132 0.00276074
133 0.00266993
134 0.00263966
135 0.0027002
136 0.0026336
137 0.00259122
138 0.0025549
139 0.00253673
140 0.00266387
141 0.00263966
142 0.00266387
143 0.00257306
144 0.00251857
145 0.00254279
146 0.00251857
147 0.00251857
148 0.00251252
149 0.00244592
150 0.00256701
151 0.00251857
152 0.00244592
153 0.00243381
154 0.00249435
155 0.00247619
156 0.00243987
157 0.0024217
158 0.00240354
159 0.00239749
160 0.00242776
161 0.00240959
162 0.00243381
163 0.00239143
164 0.00237932
165 0.00237932
166 0.00237327
167 0.00231273
168 0.00233089
169 0.00234905
170 0.00235511
171 0.00225218
172 0.00225824
173 0.00228246
174 0.00225218
175 0.00232484
176 0.00227035
177 0.00223402
178 0.0022098
179 0.00225218
180 0.0022098
181 0.00219164
182 0.00217953
183 0.00217348
184 0.00214926
185 0.00217953
186 0.0021977
187 0.00226429
188 0.00217348
189 0.00214321
190 0.00210083
191 0.00214321
192 0.00216742
193 0.00209477
194 0.0021311
195 0.00212504
196 0.00211899
197 0.00209477
198 0.00208872
199 0.0020645
200 0.00208872
201 0.00208266
202 0.00207661
203 0.00202818
204 0.0019858
205 0.00204634
206 0.00207056
207 0.00205845
208 0.00196763
209 0.00196158
210 0.0019858
211 0.00193736
212 0.00197369
213 0.00193736
214 0.00193736
215 0.00190709
216 0.00187682
217 0.00184655
218 0.00188287
219 0.00184049
220 0.00179811
221 0.00185866
222 0.00183444
223 0.00184049
224 0.00185866
225 0.00182233
226 0.00181628
227 0.00181022
228 0.0019192
229 0.00176179
230 0.00179811
231 0.00176179
232 0.00174363
233 0.00174363
234 0.00175573
235 0.00176784
236 0.00173152
237 0.00176179
238 0.00173152
239 0.00169519
240 0.00169519
241 0.00165281
242 0.0017073
243 0.00167703
244 0.00167098
245 0.00167098
246 0.00176784
247 0.00163465
248 0.00160438
249 0.00159832
250 0.00156805
251 0.00158016
252 0.00156805
253 0.00156805
254 0.00159227
255 0.00156805
256 0.00153778
257 0.00153778
258 0.00153778
259 0.00150146
260 0.0014954
261 0.00147724
262 0.00147118
263 0.00157411
264 0.00145908
265 0.00156805
266 0.00144697
267 0.00147724
268 0.00147724
269 0.0014288
270 0.00141064
271 0.00144091
272 0.00139248
273 0.00137432
274 0.00136221
275 0.00136221
276 0.00134405
277 0.0013501
278 0.00134405
279 0.00131377
280 0.00129561
281 0.00133194
282 0.00124112
283 0.00125929
284 0.00124112
285 0.00133194
286 0.00129561
287 0.00119269
288 0.00119269
289 0.00117453
290 0.00117453
291 0.00115636
292 0.00118663
293 0.00113215
294 0.00112609
295 0.00112609
296 0.00112609
297 0.00112004
298 0.00111398
299 0.00112004
300 0.00110187
301 0.00110187
302 0.00108371
303 0.0010595
304 0.00105344
305 0.00104133
306 0.00102317
307 0.00105344
308 0.00100501
309 0.00100501
310 0.000998953
311 0.000986844
312 0.000986844
313 0.00098079
314 0.000974736
315 0.000968681
316 0.000950519
317 0.000968681
318 0.000950519
319 0.000932356
320 0.00093841
321 0.000932356
322 0.000889976
323 0.000889976
324 0.000926302
325 0.00106555
326 0.000829433
327 0.000865759
328 0.000871813
329 0.000841542
330 0.000847596
331 0.000835488
332 0.000793108
333 0.000726511
334 0.000787054
335 0.000817325
336 0.00073862
337 0.000805216
338 0.000799162
339 0.000714402
340 0.000702294
341 0.00069624
342 0.000768891
343 0.00069624
344 0.000690185
345 0.000684131
346 0.000678077
347 0.000665968
348 0.000672023
349 0.000665968
350 0.000659914
351 0.000659914
352 0.000647806
353 0.000629643
354 0.000629643
355 0.000635697
356 0.000641751
357 0.000756782
358 0.000635697
359 0.000629643
360 0.000629643
361 0.000647806
362 0.000702294
363 0.000641751
364 0.000599372
365 0.000605426
366 0.000605426
367 0.00061148
368 0.000587263
369 0.000581209
370 0.000581209
371 0.000581209
372 0.000550937
373 0.000550937
374 0.000550937
375 0.000550937
376 0.000538829
377 0.000538829
378 0.000544883
379 0.000544883
380 0.0005691
381 0.000538829
382 0.000538829
383 0.000514612
384 0.000502503
385 0.000508558
386 0.000514612
387 0.000544883
388 0.000502503
389 0.000496449
390 0.000478286
391 0.000496449
392 0.000484341
393 0.000484341
394 0.000472232
395 0.000466178
396 0.000490395
397 0.000460124
398 0.000460124
399 0.000454069
400 0.000454069
401 0.000435907
402 0.000435907
403 0.000429852
404 0.000417744
405 0.000429852
406 0.000417744
407 0.000423798
408 0.000417744
409 0.000405635
410 0.000435907
411 0.000405635
412 0.000405635
413 0.000405635
414 0.000405635
415 0.000435907
416 0.000405635
417 0.000399581
418 0.000393527
419 0.000393527
420 0.000381418
421 0.000381418
422 0.000387473
423 0.000381418
424 0.000375364
425 0.000417744
426 0.00036931
427 0.000387473
428 0.000399581
429 0.000357201
430 0.000363256
431 0.000357201
432 0.000429852
433 0.000357201
434 0.000363256
435 0.000405635
436 0.000357201
437 0.000375364
438 0.000351147
439 0.000357201
440 0.000351147
441 0.000351147
442 0.000345093
443 0.000345093
444 0.000339038
445 0.000345093
446 0.000339038
447 0.000448015
448 0.000339038
449 0.000339038
450 0.000339038
451 0.000332984
452 0.000332984
453 0.000332984
454 0.00032693
455 0.000320876
456 0.000320876
457 0.000320876
458 0.000339038
459 0.000320876
460 0.000314821
461 0.000314821
462 0.000314821
463 0.000314821
464 0.000308767
465 0.000308767
466 0.000308767
467 0.000302713
468 0.000302713
469 0.000302713
470 0.000320876
471 0.000332984
472 0.000302713
473 0.000296659
474 0.000290604
475 0.000290604
476 0.000302713
477 0.000290604
478 0.000290604
479 0.000302713
480 0.000290604
481 0.000290604
482 0.000302713
483 0.000290604
484 0.000290604
485 0.00028455
486 0.00028455
487 0.00028455
488 0.000278496
489 0.000290604
490 0.000272442
491 0.000272442
492 0.000272442
493 0.00028455
494 0.000272442
495 0.000272442
496 0.000272442
497 0.000266387
498 0.000266387
499 0.000266387
500 0.000266387
501 0.000260333
502 0.000260333
503 0.000260333
504 0.000260333
505 0.000260333
506 0.000254279
507 0.000290604
508 0.000254279
509 0.000254279
510 0.000272442
511 0.000254279
512 0.000254279
513 0.000248225
514 0.000248225
515 0.00024217
516 0.000278496
517 0.00024217
518 0.000266387
519 0.000308767
520 0.00024217
521 0.000236116
522 0.00024217
523 0.000290604
524 0.000236116
525 0.000236116
526 0.000230062
527 0.000230062
528 0.000236116
529 0.000266387
530 0.000260333
531 0.000248225
532 0.000266387
533 0.000278496
534 0.000248225
535 0.000224008
536 0.000230062
537 0.000224008
538 0.000260333
539 0.000217953
540 0.000248225
541 0.000217953
542 0.000217953
543 0.000211899
544 0.000217953
545 0.000211899
546 0.000217953
547 0.000211899
548 0.000205845
549 0.000205845
550 0.000205845
551 0.000260333
552 0.000236116
553 0.000224008
554 0.000205845
555 0.000211899
556 0.000205845
557 0.000205845
558 0.000205845
559 0.000199791
560 0.000199791
561 0.000199791
562 0.000217953
563 0.000199791
564 0.000236116
565 0.000199791
566 0.000193736
567 0.000199791
568 0.000236116
569 0.000193736
570 0.000272442
571 0.000193736
572 0.000193736
573 0.000193736
574 0.000193736
575 0.000193736
576 0.000193736
577 0.000193736
578 0.000193736
579 0.000193736
580 0.000193736
581 0.000187682
582 0.000187682
583 0.000187682
584 0.000181628
585 0.000181628
586 0.000181628
587 0.000217953
588 0.000181628
589 0.000181628
590 0.000181628
591 0.000181628
592 0.000187682
593 0.000181628
594 0.000175573
595 0.000175573
596 0.000175573
597 0.000175573
598 0.000175573
599 0.000217953
600 0.000193736
601 0.000175573
602 0.000169519
603 0.000169519
604 0.000169519
605 0.000217953
606 0.000175573
607 0.000169519
608 0.000163465
609 0.000181628
610 0.000163465
611 0.000163465
612 0.000163465
613 0.000163465
614 0.000163465
615 0.000163465
616 0.000157411
617 0.000157411
618 0.000163465
619 0.000157411
620 0.000187682
621 0.000157411
622 0.000193736
623 0.000199791
624 0.000181628
625 0.000157411
626 0.000157411
627 0.000205845
628 0.000157411
629 0.000151356
630 0.000193736
631 0.000151356
632 0.000151356
633 0.000151356
634 0.000151356
635 0.000151356
636 0.000145302
637 0.000145302
638 0.000145302
639 0.000145302
640 0.000272442
641 0.000151356
642 0.000145302
643 0.000139248
644 0.000139248
645 0.000139248
646 0.000139248
647 0.000139248
648 0.000151356
649 0.000139248
650 0.000133194
651 0.000151356
652 0.000133194
653 0.000133194
654 0.000133194
655 0.000127139
656 0.000127139
657 0.000133194
658 0.00024217
659 0.000127139
660 0.000127139
661 0.000127139
662 0.000127139
663 0.000133194
664 0.000127139
665 0.000127139
666 0.000121085
667 0.000151356
668 0.000193736
669 0.000121085
670 0.000121085
671 0.000121085
672 0.000121085
673 0.000121085
674 0.000115031
675 0.000115031
676 0.000115031
677 0.000115031
678 0.000115031
679 0.000115031
680 0.000115031
681 0.000115031
682 0.000115031
683 0.000115031
684 0.000115031
685 0.000115031
686 0.000108977
687 0.000108977
688 0.000108977
689 0.000108977
690 0.000163465
691 0.000108977
692 0.000163465
693 0.000108977
694 0.000127139
695 0.000108977
696 0.000181628
697 0.000133194
698 0.000108977
699 0.000108977
700 0.000108977
701 0.000102922
702 0.000102922
703 0.000102922
704 0.000102922
705 0.000139248
706 0.000102922
707 0.000102922
708 0.000108977
709 9.68681e-05
710 9.68681e-05
711 9.68681e-05
712 9.68681e-05
713 9.68681e-05
714 9.68681e-05
715 9.68681e-05
716 9.68681e-05
717 0.000102922
718 9.68681e-05
719 9.08139e-05
720 9.08139e-05
721 0.000133194
722 9.08139e-05
723 0.000127139
724 9.08139e-05
725 0.000127139
726 9.08139e-05
727 9.08139e-05
728 9.08139e-05
729 9.08139e-05
730 9.08139e-05
731 9.08139e-05
732 8.47596e-05
733 0.000115031
734 8.47596e-05
735 8.47596e-05
736 0.000151356
737 0.000108977
738 8.47596e-05
739 7.87054e-05
740 0.000193736
741 0.000163465
742 7.87054e-05
743 7.87054e-05
744 7.87054e-05
745 7.87054e-05
746 7.26511e-05
747 0.000108977
748 7.26511e-05
749 7.26511e-05
750 7.26511e-05
751 7.26511e-05
752 7.26511e-05
753 0.000181628
754 7.26511e-05
755 7.26511e-05
756 7.87054e-05
757 7.26511e-05
758 7.26511e-05
759 7.26511e-05
760 7.26511e-05
761 7.26511e-05
762 7.26511e-05
763 7.26511e-05
764 6.65968e-05
765 7.26511e-05
766 6.65968e-05
767 8.47596e-05
768 7.26511e-05
769 6.65968e-05
770 6.65968e-05
771 6.65968e-05
772 6.65968e-05
773 6.65968e-05
774 6.65968e-05
775 6.65968e-05
776 6.65968e-05
777 7.26511e-05
778 6.65968e-05
779 7.26511e-05
780 6.65968e-05
781 6.65968e-05
782 6.65968e-05
783 6.65968e-05
784 6.05426e-05
785 6.05426e-05
786 6.05426e-05
787 6.05426e-05
788 6.05426e-05
789 6.05426e-05
790 6.05426e-05
791 6.05426e-05
792 6.05426e-05
793 6.05426e-05
794 5.44883e-05
795 0.000115031
796 5.44883e-05
797 5.44883e-05
798 5.44883e-05
799 0.000108977
800 5.44883e-05
801 7.87054e-05
802 7.26511e-05
803 5.44883e-05
804 5.44883e-05
805 5.44883e-05
806 4.84341e-05
807 4.84341e-05
808 4.84341e-05
809 4.84341e-05
810 4.84341e-05
811 0.000121085
812 9.08139e-05
813 4.23798e-05
814 4.23798e-05
815 4.23798e-05
816 4.23798e-05
817 4.23798e-05
818 5.44883e-05
819 4.23798e-05
820 4.23798e-05
821 4.23798e-05
822 4.84341e-05
823 4.23798e-05
824 3.63255e-05
825 5.44883e-05
826 4.23798e-05
827 3.63255e-05
828 3.63255e-05
829 3.63255e-05
830 3.63255e-05
831 5.44883e-05
832 3.63255e-05
833 3.63255e-05
834 0.000151356
835 5.44883e-05
836 9.08139e-05
837 3.63255e-05
838 7.26511e-05
839 3.63255e-05
840 3.63255e-05
841 6.05426e-05
842 7.87054e-05
843 5.44883e-05
844 9.08139e-05
845 4.23798e-05
846 8.47596e-05
847 3.63255e-05
848 3.63255e-05
849 3.63255e-05
850 3.63255e-05
851 3.63255e-05
852 3.63255e-05
853 3.63255e-05
854 4.84341e-05
855 3.02713e-05
856 3.02713e-05
857 3.02713e-05
858 6.65968e-05
859 3.02713e-05
860 7.26511e-05
861 3.02713e-05
862 3.02713e-05
863 5.44883e-05
864 0.000115031
865 4.84341e-05
866 3.02713e-05
867 3.02713e-05
868 5.44883e-05
869 3.02713e-05
870 3.02713e-05
871 3.02713e-05
872 2.4217e-05
873 2.4217e-05
874 2.4217e-05
875 2.4217e-05
876 2.4217e-05
877 2.4217e-05
878 1.81628e-05
879 6.65968e-05
880 0.000102922
881 1.81628e-05
882 1.81628e-05
883 9.68681e-05
884 1.81628e-05
885 7.87054e-05
886 1.81628e-05
887 1.81628e-05
888 1.81628e-05
889 3.63255e-05
890 8.47596e-05
891 4.84341e-05
892 1.81628e-05
893 5.44883e-05
894 5.44883e-05
895 3.02713e-05
896 1.81628e-05
897 1.81628e-05
898 1.81628e-05
899 1.81628e-05
900 1.81628e-05
901 1.81628e-05
902 1.81628e-05
903 1.81628e-05
904 1.81628e-05
905 1.81628e-05
906 9.68681e-05
907 1.81628e-05
908 1.81628e-05
909 1.81628e-05
910 1.21085e-05
911 1.21085e-05
912 8.47596e-05
913 4.23798e-05
914 3.63255e-05
915 1.21085e-05
916 1.21085e-05
917 6.65968e-05
918 6.05426e-05
919 1.21085e-05
920 1.21085e-05
921 1.21085e-05
922 3.02713e-05
923 1.21085e-05
924 1.21085e-05
925 1.21085e-05
926 1.21085e-05
927 6.05426e-06
928 6.05426e-06
929 6.05426e-06
930 9.08139e-05
931 6.05426e-06
932 1.21085e-05
933 2.4217e-05
934 6.05426e-06
935 3.02713e-05
936 6.05426e-06
937 6.05426e-06
938 6.05426e-06
939 6.05426e-06
940 6.05426e-06
941 6.05426e-06
