1 0.00622204
2 0.00581433
3 0.0056607
4 0.00575524
5 0.0055957
6 0.00560752
7 0.00558389
8 0.00548934
9 0.00537707
10 0.0053298
11 0.0051939
12 0.00514072
13 0.00512299
14 0.00511118
15 0.00508754
16 0.00506981
17 0.00506981
18 0.00496936
19 0.00493982
20 0.0047921
21 0.00485709
22 0.00474483
23 0.00476846
24 0.00470346
25 0.00468574
26 0.00463847
27 0.00462665
28 0.00454983
29 0.00460892
30 0.00464437
31 0.0045262
32 0.00450256
33 0.00450847
34 0.00441984
35 0.00440802
36 0.00440802
37 0.00454983
38 0.0044612
39 0.00450256
40 0.00437848
41 0.00429575
42 0.00428984
43 0.00427212
44 0.00424257
45 0.00424848
46 0.00411848
47 0.00434893
48 0.00420121
49 0.00411258
50 0.00418348
51 0.00410076
52 0.00401213
53 0.00404167
54 0.00395895
55 0.0040653
56 0.0040653
57 0.00394713
58 0.00412439
59 0.00392349
60 0.00397076
61 0.00391167
62 0.00395304
63 0.00389986
64 0.00390577
65 0.00392349
66 0.00388213
67 0.00385849
68 0.00402394
69 0.00381122
70 0.00375213
71 0.00375804
72 0.00368714
73 0.00367532
74 0.00365168
75 0.00362805
76 0.00375213
77 0.0036635
78 0.00358669
79 0.00348033
80 0.00351578
81 0.00350396
82 0.00348033
83 0.00343306
84 0.00358669
85 0.00342715
86 0.00349214
87 0.00341533
88 0.00338578
89 0.00339169
90 0.00350396
91 0.00337397
92 0.00334442
93 0.00336806
94 0.0033267
95 0.00332079
96 0.00331488
97 0.00330897
98 0.00330306
99 0.00323806
100 0.00320852
101 0.00332079
102 0.00317897
103 0.00316716
104 0.00316716
105 0.00316125
106 0.00310216
107 0.0031317
108 0.00309034
109 0.0030608
110 0.00305489
111 0.00304898
112 0.00303125
113 0.00298989
114 0.00300762
115 0.00303716
116 0.00300171
117 0.00300762
118 0.00296625
119 0.00300171
120 0.00291307
121 0.00295444
122 0.00288353
123 0.00294853
124 0.0029308
125 0.00285989
126 0.00281853
127 0.00280081
128 0.00277126
129 0.00291898
130 0.00277126
131 0.00278899
132 0.00274763
133 0.00274172
134 0.00282444
135 0.00274172
136 0.00273581
137 0.00270626
138 0.00267672
139 0.00267081
140 0.00267081
141 0.00268854
142 0.00264718
143 0.00261763
144 0.00263536
145 0.00261172
146 0.00262354
147 0.00255854
148 0.00258809
149 0.00256445
150 0.00256445
151 0.00254082
152 0.00254082
153 0.00249945
154 0.00254082
155 0.00246991
156 0.00247582
157 0.00242855
158 0.00253491
159 0.00249945
160 0.00246991
161 0.00241082
162 0.00249945
163 0.002399
164 0.002399
165 0.00239309
166 0.00238718
167 0.00244036
168 0.00238718
169 0.00237537
170 0.00236946
171 0.00236355
172 0.00235173
173 0.00242264
174 0.00234582
175 0.00233991
176 0.00225719
177 0.00235764
178 0.00225128
179 0.00225128
180 0.00225128
181 0.00224537
182 0.00222765
183 0.00216265
184 0.00214492
185 0.00213901
186 0.00213901
187 0.00213901
188 0.00222765
189 0.00216265
190 0.00212129
191 0.00210947
192 0.00211538
193 0.00211538
194 0.00210356
195 0.00201493
196 0.00208583
197 0.00207992
198 0.00206811
199 0.00207992
200 0.00204447
201 0.00207401
202 0.00202083
203 0.00202083
204 0.00200902
205 0.00200902
206 0.0019972
207 0.00198538
208 0.00197947
209 0.00197947
210 0.00197356
211 0.00197356
212 0.00194993
213 0.0019322
214 0.00192629
215 0.00193811
216 0.00194402
217 0.00190857
218 0.00192038
219 0.00192038
220 0.00190266
221 0.00190857
222 0.00187902
223 0.0018672
224 0.0018613
225 0.0018613
226 0.00185539
227 0.00185539
228 0.0018613
229 0.00184948
230 0.00184948
231 0.00181993
232 0.00181993
233 0.00180812
234 0.00181402
235 0.0017963
236 0.00179039
237 0.00177857
238 0.00176675
239 0.0017313
240 0.00173721
241 0.00170766
242 0.00169585
243 0.0016663
244 0.00170766
245 0.00170176
246 0.00169585
247 0.00164858
248 0.00171948
249 0.00164858
250 0.0015954
251 0.00160721
252 0.00158949
253 0.00158358
254 0.00156585
255 0.00155994
256 0.00154812
257 0.00155994
258 0.00154222
259 0.00154222
260 0.00154812
261 0.00152449
262 0.00151858
263 0.00151858
264 0.00150085
265 0.0015304
266 0.00150676
267 0.00151267
268 0.00145949
269 0.00145358
270 0.00142995
271 0.00144177
272 0.00141813
273 0.00138859
274 0.00136495
275 0.00134722
276 0.00135904
277 0.00135904
278 0.0013295
279 0.00132359
280 0.00129995
281 0.00128813
282 0.00132359
283 0.00132359
284 0.00131768
285 0.00127632
286 0.00128223
287 0.00131177
288 0.00133541
289 0.00142404
290 0.00127041
291 0.00125268
292 0.00122905
293 0.00119359
294 0.00122905
295 0.00122905
296 0.00114632
297 0.00115223
298 0.00114632
299 0.00114041
300 0.0011345
301 0.00112859
302 0.00110496
303 0.00107541
304 0.00105178
305 0.00107541
306 0.00105178
307 0.00102814
308 0.00105178
309 0.00100451
310 0.00102814
311 0.00100451
312 0.000986782
313 0.000980873
314 0.00104587
315 0.00101042
316 0.000957237
317 0.000951329
318 0.00094542
319 0.000927693
320 0.000927693
321 0.000921784
322 0.000909966
323 0.000915875
324 0.000909966
325 0.000933602
326 0.000868604
327 0.000868604
328 0.000868604
329 0.000856787
330 0.000821333
331 0.000850878
332 0.000833151
333 0.000756336
334 0.000744518
335 0.000756336
336 0.000738609
337 0.000720883
338 0.000709065
339 0.000703156
340 0.000709065
341 0.000691338
342 0.000691338
343 0.000714974
344 0.000685429
345 0.000685429
346 0.000709065
347 0.000685429
348 0.000673612
349 0.000791789
350 0.000667703
351 0.000649976
352 0.000638158
353 0.000632249
354 0.000685429
355 0.000626341
356 0.00067952
357 0.000614523
358 0.000596796
359 0.000608614
360 0.000661794
361 0.000626341
362 0.000638158
363 0.000584978
364 0.00057907
365 0.000596796
366 0.000620432
367 0.000584978
368 0.00057907
369 0.000573161
370 0.000555434
371 0.000555434
372 0.000602705
373 0.000537707
374 0.000549525
375 0.000537707
376 0.000537707
377 0.000537707
378 0.000531799
379 0.00052589
380 0.000519981
381 0.000531799
382 0.000543616
383 0.00052589
384 0.000514072
385 0.000514072
386 0.000537707
387 0.000514072
388 0.000508163
389 0.00057907
390 0.000502254
391 0.000496345
392 0.000626341
393 0.000490437
394 0.00052589
395 0.000496345
396 0.000502254
397 0.000484528
398 0.000484528
399 0.000478619
400 0.000478619
401 0.000490437
402 0.00047271
403 0.000466801
404 0.000449074
405 0.000490437
406 0.000449074
407 0.000496345
408 0.000466801
409 0.000454983
410 0.000443166
411 0.000443166
412 0.000437257
413 0.000437257
414 0.000431348
415 0.000443166
416 0.000437257
417 0.000431348
418 0.000431348
419 0.000425439
420 0.000413621
421 0.000425439
422 0.000407712
423 0.000413621
424 0.000407712
425 0.000413621
426 0.000401803
427 0.000395895
428 0.000389986
429 0.000389986
430 0.000389986
431 0.000384077
432 0.000378168
433 0.000384077
434 0.000378168
435 0.000378168
436 0.000372259
437 0.000372259
438 0.00036635
439 0.00036635
440 0.000360441
441 0.000360441
442 0.000354532
443 0.000354532
444 0.000354532
445 0.000354532
446 0.000348624
447 0.000348624
448 0.000454983
449 0.000342715
450 0.000336806
451 0.000354532
452 0.000348624
453 0.000324988
454 0.000330897
455 0.000319079
456 0.000319079
457 0.000330897
458 0.00031317
459 0.00031317
460 0.00031317
461 0.00031317
462 0.00031317
463 0.000307261
464 0.000307261
465 0.000307261
466 0.000307261
467 0.000301353
468 0.000295444
469 0.000295444
470 0.000295444
471 0.000289535
472 0.000283626
473 0.000283626
474 0.000295444
475 0.000289535
476 0.000307261
477 0.000283626
478 0.000289535
479 0.000283626
480 0.000283626
481 0.000307261
482 0.000277717
483 0.000277717
484 0.000283626
485 0.000277717
486 0.000277717
487 0.000277717
488 0.000277717
489 0.000277717
490 0.000277717
491 0.000277717
492 0.000277717
493 0.000354532
494 0.000271808
495 0.000271808
496 0.000271808
497 0.000271808
498 0.000271808
499 0.000271808
500 0.000265899
501 0.000265899
502 0.000289535
503 0.00025999
504 0.000277717
505 0.000319079
506 0.00025999
507 0.00025999
508 0.000254082
509 0.00025999
510 0.000254082
511 0.000254082
512 0.000254082
513 0.000248173
514 0.000248173
515 0.000248173
516 0.000248173
517 0.000242264
518 0.00025999
519 0.000289535
520 0.000248173
521 0.000242264
522 0.000242264
523 0.000236355
524 0.000236355
525 0.000248173
526 0.000224537
527 0.000224537
528 0.000248173
529 0.000271808
530 0.000218628
531 0.000218628
532 0.000212719
533 0.000236355
534 0.000224537
535 0.000212719
536 0.000248173
537 0.000212719
538 0.000230446
539 0.000212719
540 0.000212719
541 0.000212719
542 0.00025999
543 0.000236355
544 0.000212719
545 0.000206811
546 0.000206811
547 0.000224537
548 0.000206811
549 0.000206811
550 0.000212719
551 0.000200902
552 0.00031317
553 0.000236355
554 0.000194993
555 0.000212719
556 0.000230446
557 0.000194993
558 0.000189084
559 0.000189084
560 0.000189084
561 0.000183175
562 0.000200902
563 0.000224537
564 0.000183175
565 0.000189084
566 0.000183175
567 0.000177266
568 0.000177266
569 0.000177266
570 0.000177266
571 0.000194993
572 0.000177266
573 0.000171357
574 0.000194993
575 0.000171357
576 0.000171357
577 0.000171357
578 0.000171357
579 0.000218628
580 0.000171357
581 0.000171357
582 0.000171357
583 0.000200902
584 0.000171357
585 0.000165448
586 0.000271808
587 0.000165448
588 0.000194993
589 0.000165448
590 0.000165448
591 0.000171357
592 0.00015954
593 0.000177266
594 0.00015954
595 0.00015954
596 0.00015954
597 0.000254082
598 0.000165448
599 0.000177266
600 0.00015954
601 0.00015954
602 0.00015954
603 0.000153631
604 0.000153631
605 0.000171357
606 0.000147722
607 0.000147722
608 0.000171357
609 0.000206811
610 0.000147722
611 0.000147722
612 0.000165448
613 0.000147722
614 0.000141813
615 0.000165448
616 0.00015954
617 0.000147722
618 0.000153631
619 0.000141813
620 0.000141813
621 0.00015954
622 0.000141813
623 0.000141813
624 0.000141813
625 0.000141813
626 0.000171357
627 0.000135904
628 0.000135904
629 0.000135904
630 0.000141813
631 0.000183175
632 0.000135904
633 0.000129995
634 0.000153631
635 0.000242264
636 0.000129995
637 0.000135904
638 0.000129995
639 0.000129995
640 0.000129995
641 0.000141813
642 0.000129995
643 0.000129995
644 0.000129995
645 0.00015954
646 0.000147722
647 0.000129995
648 0.000129995
649 0.000124086
650 0.000129995
651 0.000124086
652 0.000124086
653 0.000124086
654 0.000171357
655 0.000147722
656 0.000124086
657 0.000124086
658 0.000141813
659 0.000124086
660 0.000118177
661 0.000124086
662 0.000118177
663 0.000118177
664 0.000118177
665 0.000118177
666 0.000153631
667 0.000147722
668 0.000118177
669 0.000129995
670 0.000135904
671 0.000118177
672 0.000118177
673 0.000118177
674 0.000112269
675 0.000165448
676 0.000112269
677 0.000112269
678 0.000112269
679 0.000165448
680 0.000112269
681 0.000112269
682 0.000129995
683 0.000112269
684 0.000112269
685 0.000129995
686 0.000112269
687 0.000112269
688 0.000171357
689 0.000112269
690 0.000112269
691 0.00010636
692 0.00010636
693 0.00010636
694 0.000112269
695 0.00010636
696 0.00010636
697 0.00010636
698 0.00010636
699 0.000177266
700 0.00010636
701 0.00010636
702 0.000112269
703 0.000135904
704 0.00010636
705 0.00010636
706 0.000129995
707 0.000100451
708 0.000129995
709 0.000124086
710 0.000100451
711 0.000100451
712 0.000100451
713 0.000100451
714 0.000124086
715 9.4542e-05
716 0.000118177
717 9.4542e-05
718 0.000100451
719 9.4542e-05
720 9.4542e-05
721 0.000129995
722 9.4542e-05
723 9.4542e-05
724 9.4542e-05
725 9.4542e-05
726 9.4542e-05
727 9.4542e-05
728 0.000141813
729 8.86331e-05
730 9.4542e-05
731 8.86331e-05
732 8.86331e-05
733 8.86331e-05
734 9.4542e-05
735 0.00010636
736 8.86331e-05
737 8.27242e-05
738 8.27242e-05
739 8.27242e-05
740 8.27242e-05
741 0.000118177
742 8.27242e-05
743 8.27242e-05
744 7.68154e-05
745 0.000100451
746 8.27242e-05
747 8.27242e-05
748 7.68154e-05
749 0.000129995
750 7.68154e-05
751 7.68154e-05
752 7.68154e-05
753 7.68154e-05
754 7.68154e-05
755 7.68154e-05
756 0.000129995
757 7.68154e-05
758 7.09065e-05
759 7.09065e-05
760 0.000100451
761 7.09065e-05
762 0.000200902
763 7.09065e-05
764 0.000100451
765 7.09065e-05
766 7.09065e-05
767 7.09065e-05
768 6.49976e-05
769 0.000100451
770 6.49976e-05
771 6.49976e-05
772 6.49976e-05
773 6.49976e-05
774 8.27242e-05
775 7.68154e-05
776 6.49976e-05
777 6.49976e-05
778 8.27242e-05
779 6.49976e-05
780 6.49976e-05
781 6.49976e-05
782 6.49976e-05
783 0.000129995
784 6.49976e-05
785 5.90887e-05
786 5.90887e-05
787 5.90887e-05
788 5.90887e-05
789 5.90887e-05
790 5.90887e-05
791 0.000100451
792 5.90887e-05
793 5.90887e-05
794 5.90887e-05
795 5.31799e-05
796 5.31799e-05
797 5.31799e-05
798 5.31799e-05
799 5.31799e-05
800 5.31799e-05
801 5.31799e-05
802 0.000124086
803 6.49976e-05
804 5.31799e-05
805 7.09065e-05
806 4.7271e-05
807 8.27242e-05
808 4.7271e-05
809 4.7271e-05
810 4.7271e-05
811 4.7271e-05
812 7.09065e-05
813 4.7271e-05
814 4.7271e-05
815 4.7271e-05
816 4.7271e-05
817 4.7271e-05
818 4.7271e-05
819 4.7271e-05
820 4.7271e-05
821 4.13621e-05
822 4.13621e-05
823 4.13621e-05
824 4.13621e-05
825 5.90887e-05
826 4.7271e-05
827 4.13621e-05
828 4.13621e-05
829 4.13621e-05
830 4.13621e-05
831 3.54532e-05
832 9.4542e-05
833 3.54532e-05
834 3.54532e-05
835 3.54532e-05
836 3.54532e-05
837 3.54532e-05
838 4.7271e-05
839 3.54532e-05
840 3.54532e-05
841 3.54532e-05
842 8.86331e-05
843 3.54532e-05
844 4.13621e-05
845 2.95444e-05
846 2.95444e-05
847 2.95444e-05
848 2.95444e-05
849 6.49976e-05
850 5.31799e-05
851 5.31799e-05
852 5.31799e-05
853 2.95444e-05
854 2.95444e-05
855 4.13621e-05
856 2.95444e-05
857 2.95444e-05
858 2.95444e-05
859 2.95444e-05
860 2.95444e-05
861 5.90887e-05
862 2.95444e-05
863 2.36355e-05
864 2.36355e-05
865 4.13621e-05
866 2.36355e-05
867 0.000112269
868 2.36355e-05
869 2.36355e-05
870 2.36355e-05
871 0.00010636
872 2.36355e-05
873 2.36355e-05
874 2.36355e-05
875 1.77266e-05
876 1.77266e-05
877 1.77266e-05
878 1.77266e-05
879 1.77266e-05
880 1.77266e-05
881 0.00010636
882 1.77266e-05
883 1.77266e-05
884 1.77266e-05
885 1.77266e-05
886 1.77266e-05
887 1.77266e-05
888 1.77266e-05
889 4.7271e-05
890 1.77266e-05
891 1.18177e-05
892 8.86331e-05
893 2.36355e-05
894 5.31799e-05
895 1.18177e-05
896 1.18177e-05
897 1.18177e-05
898 9.4542e-05
899 1.18177e-05
900 1.18177e-05
901 1.18177e-05
902 2.36355e-05
903 1.18177e-05
904 2.95444e-05
905 1.18177e-05
906 1.18177e-05
907 1.18177e-05
908 8.27242e-05
909 1.18177e-05
910 1.18177e-05
911 5.31799e-05
912 5.90887e-06
913 5.90887e-06
914 2.36355e-05
915 0.000153631
916 5.90887e-06
917 3.54532e-05
918 1.18177e-05
919 6.49976e-05
920 6.49976e-05
921 5.90887e-06
922 5.90887e-06
923 1.77266e-05
924 5.90887e-06
925 5.90887e-06
926 7.09065e-05
927 5.90887e-06
928 5.90887e-06
929 5.90887e-06
930 5.90887e-06
931 5.90887e-06
932 7.09065e-05
933 2.36355e-05
