1 0.00603833
2 0.00600298
3 0.006056
4 0.00590283
5 0.00570254
6 0.00575556
7 0.00568486
8 0.00560828
9 0.00558472
10 0.00550224
11 0.00541977
12 0.00540209
13 0.00528427
14 0.00521358
15 0.00519591
16 0.0052018
17 0.00531962
18 0.00513111
19 0.00515467
20 0.00509576
21 0.00497205
22 0.00488368
23 0.00493081
24 0.00483655
25 0.00484833
26 0.00475997
27 0.00470695
28 0.00472462
29 0.00465393
30 0.00453022
31 0.00451255
32 0.00470106
33 0.00462447
34 0.00443596
35 0.00445363
36 0.00444774
37 0.00443596
38 0.00435349
39 0.00438294
40 0.00435349
41 0.00437705
42 0.00425923
43 0.00423567
44 0.00422977
45 0.00422977
46 0.00419443
47 0.00415319
48 0.00415908
49 0.00410606
50 0.00414141
51 0.00410017
52 0.00411195
53 0.00395879
54 0.00395879
55 0.0040825
56 0.00406482
57 0.00397057
58 0.003947
59 0.003947
60 0.00384686
61 0.00391755
62 0.00390577
63 0.00391166
64 0.00389398
65 0.0038822
66 0.00379973
67 0.00379384
68 0.00371136
69 0.00372904
70 0.00377027
71 0.00369958
72 0.00373493
73 0.00360532
74 0.00367012
75 0.00362889
76 0.00355819
77 0.003623
78 0.00367012
79 0.00354641
80 0.00350518
81 0.00354052
82 0.00358765
83 0.0034875
84 0.00348161
85 0.00348161
86 0.00341092
87 0.00340503
88 0.00338735
89 0.00338735
90 0.00338735
91 0.00338146
92 0.00333433
93 0.00342859
94 0.00337557
95 0.00332255
96 0.00331666
97 0.00328132
98 0.00332844
99 0.00318706
100 0.00321651
101 0.00325186
102 0.00324597
103 0.00321062
104 0.00318117
105 0.00315171
106 0.00310458
107 0.00315171
108 0.0030928
109 0.00307513
110 0.00303389
111 0.00300444
112 0.00299265
113 0.00297498
114 0.0029632
115 0.0029632
116 0.0029632
117 0.003028
118 0.00296909
119 0.00296909
120 0.00292196
121 0.00303978
122 0.00298087
123 0.00292785
124 0.0028984
125 0.00286894
126 0.00291018
127 0.00286894
128 0.00279236
129 0.00277468
130 0.00279825
131 0.00281592
132 0.00273345
133 0.00272167
134 0.00273934
135 0.00271577
136 0.00272167
137 0.00269221
138 0.00270399
139 0.00268043
140 0.00267454
141 0.00275701
142 0.00265686
143 0.00265097
144 0.00264508
145 0.00269221
146 0.00262741
147 0.00264508
148 0.00260974
149 0.00268043
150 0.00258028
151 0.00253315
152 0.00257439
153 0.00264508
154 0.00252726
155 0.00256261
156 0.00249781
157 0.00247424
158 0.00245657
159 0.00245068
160 0.00242122
161 0.00245068
162 0.00245657
163 0.00239766
164 0.00237409
165 0.00234464
166 0.00235053
167 0.00235053
168 0.00234464
169 0.00232697
170 0.00233286
171 0.00231518
172 0.00238588
173 0.00231518
174 0.00225038
175 0.00228573
176 0.00227984
177 0.00228573
178 0.00232697
179 0.00227984
180 0.00226216
181 0.00223271
182 0.00224449
183 0.00242122
184 0.0021738
185 0.00219736
186 0.00219147
187 0.00216791
188 0.00216202
189 0.00216791
190 0.00213845
191 0.00212078
192 0.002109
193 0.00213845
194 0.00216791
195 0.0020383
196 0.00214434
197 0.00207365
198 0.00202063
199 0.00206187
200 0.00204419
201 0.00205009
202 0.00203241
203 0.00199707
204 0.00202063
205 0.00200296
206 0.0020383
207 0.00198528
208 0.00196761
209 0.00200885
210 0.00197939
211 0.00194994
212 0.00193226
213 0.00194994
214 0.00194405
215 0.00192637
216 0.00193226
217 0.00191459
218 0.00198528
219 0.00191459
220 0.00192048
221 0.00188514
222 0.0019087
223 0.00189103
224 0.00182033
225 0.00178499
226 0.00182623
227 0.00192637
228 0.00176732
229 0.00172608
230 0.00174964
231 0.00172019
232 0.00178499
233 0.00174375
234 0.00176732
235 0.0017143
236 0.0017084
237 0.00174964
238 0.0017084
239 0.00172019
240 0.00170251
241 0.00167306
242 0.00170251
243 0.00166128
244 0.00163771
245 0.00163771
246 0.00162593
247 0.00162004
248 0.00159647
249 0.00156702
250 0.00156702
251 0.00153756
252 0.00152578
253 0.00152578
254 0.00154346
255 0.001514
256 0.00152578
257 0.00145509
258 0.00146098
259 0.0014492
260 0.00141974
261 0.00144331
262 0.00140796
263 0.00143742
264 0.00143153
265 0.00140796
266 0.00140207
267 0.0013844
268 0.00137851
269 0.00137261
270 0.00134316
271 0.00136672
272 0.00152578
273 0.00144331
274 0.00130192
275 0.00129603
276 0.00134316
277 0.00129014
278 0.00127836
279 0.00127247
280 0.00126658
281 0.0012489
282 0.00123712
283 0.00121945
284 0.00126068
285 0.00121356
286 0.00120767
287 0.0011841
288 0.00117232
289 0.00116643
290 0.00114286
291 0.00116643
292 0.00113108
293 0.00111341
294 0.00108984
295 0.00108984
296 0.00110752
297 0.0011193
298 0.00107806
299 0.00112519
300 0.00108395
301 0.00106628
302 0.00103683
303 0.00106628
304 0.00106039
305 0.00104272
306 0.000983806
307 0.00102504
308 0.00101915
309 0.000977914
310 0.00103683
311 0.00107217
312 0.00103093
313 0.00103093
314 0.000995588
315 0.000966132
316 0.00095435
317 0.000966132
318 0.000901331
319 0.000924895
320 0.000960241
321 0.000877767
322 0.000924895
323 0.000889549
324 0.000871876
325 0.000848311
326 0.000818856
327 0.000877767
328 0.000812965
329 0.000812965
330 0.000807074
331 0.000795292
332 0.000789401
333 0.000795292
334 0.00078351
335 0.000754055
336 0.000736381
337 0.000748163
338 0.000759946
339 0.00073049
340 0.00073049
341 0.000724599
342 0.000736381
343 0.000742272
344 0.000706926
345 0.000818856
346 0.000795292
347 0.000701035
348 0.00078351
349 0.000701035
350 0.000695144
351 0.000689253
352 0.000689253
353 0.000683362
354 0.000695144
355 0.000718708
356 0.00067158
357 0.000659798
358 0.000754055
359 0.000648016
360 0.000636233
361 0.000612669
362 0.000600887
363 0.000571432
364 0.000594996
365 0.000606778
366 0.000577323
367 0.000583214
368 0.00055965
369 0.000553759
370 0.000553759
371 0.000594996
372 0.000547868
373 0.000565541
374 0.000553759
375 0.000541977
376 0.00061856
377 0.000536086
378 0.000530195
379 0.000547868
380 0.000530195
381 0.000530195
382 0.000524304
383 0.000547868
384 0.000512521
385 0.000565541
386 0.000494848
387 0.000488957
388 0.000536086
389 0.000494848
390 0.000500739
391 0.000483066
392 0.00050663
393 0.00050663
394 0.00050663
395 0.000500739
396 0.000500739
397 0.000483066
398 0.000518413
399 0.000477175
400 0.000477175
401 0.000477175
402 0.000471284
403 0.000465393
404 0.000453611
405 0.000453611
406 0.000453611
407 0.00044772
408 0.000441829
409 0.000465393
410 0.000453611
411 0.000435938
412 0.000435938
413 0.000435938
414 0.00044772
415 0.000424156
416 0.000418265
417 0.000424156
418 0.000430047
419 0.000412374
420 0.000406483
421 0.000400591
422 0.000412374
423 0.000400591
424 0.000406483
425 0.000400591
426 0.0003947
427 0.000400591
428 0.0003947
429 0.000400591
430 0.0003947
431 0.000388809
432 0.000382918
433 0.000382918
434 0.000382918
435 0.000382918
436 0.000382918
437 0.000441829
438 0.000382918
439 0.000377027
440 0.000371136
441 0.000388809
442 0.000377027
443 0.000388809
444 0.000371136
445 0.000365245
446 0.0003947
447 0.000365245
448 0.000359354
449 0.000359354
450 0.000359354
451 0.000353463
452 0.000347572
453 0.000347572
454 0.000341681
455 0.00033579
456 0.00033579
457 0.000324008
458 0.000324008
459 0.000412374
460 0.000324008
461 0.000324008
462 0.000318117
463 0.000318117
464 0.000318117
465 0.000318117
466 0.000318117
467 0.000312226
468 0.000353463
469 0.000312226
470 0.000365245
471 0.000312226
472 0.000306335
473 0.000318117
474 0.000353463
475 0.000306335
476 0.000306335
477 0.000306335
478 0.000300444
479 0.000300444
480 0.000306335
481 0.000294553
482 0.000294553
483 0.0003947
484 0.000288661
485 0.000288661
486 0.00028277
487 0.00028277
488 0.000276879
489 0.000276879
490 0.000294553
491 0.000276879
492 0.000270988
493 0.00028277
494 0.000270988
495 0.000270988
496 0.000270988
497 0.000270988
498 0.000270988
499 0.000294553
500 0.000270988
501 0.000265097
502 0.000265097
503 0.000265097
504 0.000265097
505 0.000288661
506 0.000294553
507 0.000265097
508 0.000270988
509 0.000270988
510 0.000270988
511 0.000253315
512 0.000253315
513 0.000265097
514 0.000253315
515 0.000253315
516 0.000247424
517 0.000253315
518 0.000247424
519 0.000247424
520 0.000259206
521 0.000241533
522 0.000241533
523 0.000241533
524 0.000241533
525 0.000235642
526 0.000235642
527 0.000241533
528 0.000235642
529 0.000235642
530 0.000235642
531 0.000229751
532 0.000229751
533 0.000229751
534 0.00022386
535 0.00022386
536 0.00022386
537 0.000247424
538 0.00022386
539 0.000253315
540 0.00022386
541 0.00022386
542 0.00022386
543 0.00022386
544 0.000229751
545 0.000217969
546 0.000217969
547 0.000217969
548 0.000217969
549 0.000217969
550 0.000217969
551 0.000217969
552 0.000229751
553 0.00022386
554 0.000212078
555 0.000212078
556 0.000206187
557 0.000206187
558 0.000217969
559 0.000206187
560 0.000206187
561 0.000200296
562 0.000241533
563 0.000200296
564 0.000194405
565 0.000194405
566 0.000194405
567 0.000194405
568 0.000194405
569 0.000188514
570 0.000188514
571 0.000229751
572 0.000188514
573 0.000188514
574 0.000206187
575 0.000182623
576 0.000182623
577 0.000182623
578 0.000182623
579 0.000182623
580 0.000182623
581 0.000182623
582 0.000176732
583 0.000212078
584 0.000176732
585 0.000194405
586 0.000176732
587 0.000188514
588 0.000182623
589 0.000176732
590 0.000176732
591 0.000176732
592 0.00017084
593 0.000194405
594 0.00017084
595 0.00017084
596 0.00017084
597 0.00017084
598 0.00017084
599 0.00017084
600 0.00017084
601 0.000176732
602 0.000164949
603 0.000164949
604 0.000164949
605 0.000164949
606 0.000164949
607 0.000159058
608 0.000176732
609 0.000164949
610 0.000188514
611 0.000247424
612 0.00017084
613 0.000159058
614 0.000159058
615 0.000182623
616 0.000159058
617 0.000159058
618 0.000159058
619 0.000159058
620 0.000153167
621 0.000153167
622 0.000153167
623 0.000147276
624 0.000147276
625 0.000147276
626 0.000147276
627 0.000147276
628 0.000147276
629 0.000147276
630 0.000147276
631 0.000188514
632 0.000159058
633 0.000147276
634 0.000200296
635 0.000141385
636 0.000141385
637 0.000141385
638 0.000141385
639 0.000135494
640 0.000135494
641 0.000135494
642 0.000135494
643 0.000135494
644 0.000135494
645 0.000135494
646 0.000164949
647 0.000135494
648 0.000135494
649 0.000247424
650 0.000153167
651 0.000135494
652 0.000129603
653 0.000129603
654 0.000129603
655 0.000123712
656 0.000123712
657 0.000123712
658 0.000123712
659 0.000123712
660 0.000123712
661 0.000123712
662 0.000117821
663 0.000117821
664 0.000117821
665 0.000117821
666 0.000123712
667 0.000117821
668 0.000117821
669 0.000117821
670 0.000117821
671 0.000147276
672 0.00011193
673 0.00011193
674 0.00011193
675 0.00011193
676 0.000200296
677 0.000117821
678 0.000141385
679 0.00011193
680 0.000117821
681 0.00011193
682 0.000129603
683 0.00011193
684 0.00011193
685 0.000106039
686 0.000153167
687 0.000106039
688 0.000106039
689 0.000106039
690 0.000182623
691 0.000106039
692 0.000106039
693 0.000135494
694 0.000106039
695 0.000100148
696 0.000100148
697 0.000129603
698 0.000100148
699 0.000100148
700 0.000100148
701 0.000106039
702 0.000100148
703 0.000100148
704 0.000100148
705 0.000100148
706 0.000100148
707 0.000100148
708 0.000117821
709 0.000135494
710 0.000117821
711 0.000100148
712 0.000100148
713 0.000100148
714 0.000100148
715 9.42568e-05
716 9.42568e-05
717 0.000164949
718 9.42568e-05
719 9.42568e-05
720 9.42568e-05
721 9.42568e-05
722 9.42568e-05
723 8.83658e-05
724 8.83658e-05
725 8.83658e-05
726 8.83658e-05
727 8.83658e-05
728 8.83658e-05
729 8.83658e-05
730 9.42568e-05
731 8.83658e-05
732 8.83658e-05
733 8.83658e-05
734 8.83658e-05
735 8.24747e-05
736 9.42568e-05
737 0.000182623
738 8.24747e-05
739 8.24747e-05
740 8.24747e-05
741 0.000123712
742 8.24747e-05
743 8.24747e-05
744 8.24747e-05
745 8.24747e-05
746 7.65837e-05
747 7.65837e-05
748 7.65837e-05
749 7.65837e-05
750 7.65837e-05
751 7.65837e-05
752 0.000135494
753 7.65837e-05
754 7.65837e-05
755 0.000135494
756 7.65837e-05
757 7.65837e-05
758 7.65837e-05
759 7.65837e-05
760 0.000106039
761 7.65837e-05
762 0.000117821
763 7.06926e-05
764 0.000117821
765 7.06926e-05
766 7.06926e-05
767 7.06926e-05
768 8.83658e-05
769 7.06926e-05
770 7.06926e-05
771 7.06926e-05
772 6.48016e-05
773 6.48016e-05
774 6.48016e-05
775 8.24747e-05
776 6.48016e-05
777 7.65837e-05
778 6.48016e-05
779 6.48016e-05
780 6.48016e-05
781 5.89105e-05
782 5.89105e-05
783 5.89105e-05
784 5.89105e-05
785 5.89105e-05
786 5.89105e-05
787 5.89105e-05
788 5.89105e-05
789 5.89105e-05
790 5.89105e-05
791 5.30195e-05
792 8.83658e-05
793 0.000106039
794 5.30195e-05
795 5.30195e-05
796 5.30195e-05
797 5.30195e-05
798 5.30195e-05
799 5.30195e-05
800 0.000129603
801 7.06926e-05
802 5.89105e-05
803 5.30195e-05
804 5.30195e-05
805 5.30195e-05
806 5.30195e-05
807 4.71284e-05
808 4.71284e-05
809 8.24747e-05
810 4.71284e-05
811 4.71284e-05
812 4.71284e-05
813 4.71284e-05
814 8.83658e-05
815 4.71284e-05
816 4.71284e-05
817 4.71284e-05
818 4.71284e-05
819 4.12374e-05
820 0.000106039
821 4.71284e-05
822 4.12374e-05
823 4.12374e-05
824 8.24747e-05
825 9.42568e-05
826 4.12374e-05
827 4.12374e-05
828 4.12374e-05
829 4.12374e-05
830 5.89105e-05
831 5.30195e-05
832 4.12374e-05
833 4.12374e-05
834 4.12374e-05
835 4.12374e-05
836 4.12374e-05
837 3.53463e-05
838 3.53463e-05
839 0.00011193
840 3.53463e-05
841 4.71284e-05
842 3.53463e-05
843 3.53463e-05
844 3.53463e-05
845 3.53463e-05
846 3.53463e-05
847 3.53463e-05
848 3.53463e-05
849 8.24747e-05
850 3.53463e-05
851 3.53463e-05
852 2.94553e-05
853 2.94553e-05
854 2.94553e-05
855 0.000123712
856 2.94553e-05
857 2.94553e-05
858 2.94553e-05
859 2.35642e-05
860 2.35642e-05
861 9.42568e-05
862 2.35642e-05
863 2.35642e-05
864 2.35642e-05
865 2.35642e-05
866 2.35642e-05
867 2.35642e-05
868 2.35642e-05
869 4.71284e-05
870 2.35642e-05
871 3.53463e-05
872 2.35642e-05
873 2.35642e-05
874 2.35642e-05
875 1.76732e-05
876 1.76732e-05
877 2.94553e-05
878 7.06926e-05
879 0.00011193
880 4.12374e-05
881 1.76732e-05
882 1.76732e-05
883 1.76732e-05
884 7.06926e-05
885 1.76732e-05
886 5.89105e-05
887 2.35642e-05
888 0.000123712
889 0.000100148
890 1.76732e-05
891 1.76732e-05
892 1.76732e-05
893 1.76732e-05
894 1.76732e-05
895 0.000106039
896 1.76732e-05
897 1.76732e-05
898 1.76732e-05
899 2.94553e-05
900 1.76732e-05
901 1.76732e-05
902 1.76732e-05
903 2.35642e-05
904 1.76732e-05
905 7.65837e-05
906 1.76732e-05
907 1.17821e-05
908 1.17821e-05
909 1.17821e-05
910 1.17821e-05
911 4.71284e-05
912 1.17821e-05
913 1.17821e-05
914 5.89105e-06
915 2.94553e-05
916 5.89105e-06
917 5.89105e-06
918 5.89105e-06
919 5.89105e-06
920 5.89105e-06
921 5.89105e-06
922 5.89105e-06
923 5.89105e-06
924 5.89105e-06
925 5.30195e-05
926 5.89105e-06
927 1.17821e-05
928 5.89105e-06
929 5.89105e-06
930 5.89105e-06
931 5.89105e-06
932 5.89105e-06
933 5.89105e-06
